01001001 #need to make the number 20 God help me
01001001
01001001
01001001
01001001
01001001
01001001
01001001
01001001
01001001
01001001
01001001
01001001
01001001
01001001
01001001
01001001
01001001
01001001
01001001 #created number 20
01001101
01001101
01001101
01001101
01001101
01001101
01001101
01001101
01001101
01001101
01001101
01001101
01001101
01001101
01001101
01001101
01001101
01001101
01001101
01001101
01001101
01001101
01001101
00011011 #put the number 20 in memory location 23
00101001
00101001
00101001
00101001
00101001
00101001
00101001
00101001
00101001
00101001
00101001
00101001
00101001
00101001
00101001
00101001
00101001
00101001
00101001
00101001 #reset register 2
00101101
00101101
00101101
00101101
00101101
00101101
00101101
00101101
00101101
00101101
00101101
00101101
00101101
00101101
00101101
00101101
00101101
00101101
00101101
00101101
00101101
00101101
00101101 #reset register 3
01010000 #reset register 0
loop2
01001001 #create number 1
01001101
01001101
01001101
01001101
01001101
01001101
01001101
01001101
01001101
01001101
01001101
01001101
01001101
01001101
01001101
01001101
01001101
01001101
01001101
01001101
01001101
01001101
01001101
01001101
01001101
00011011 #put the number 1 in memory location 25
00101101
00101101
00101101
00101101
00101101
00101101
00101101
00101101
00101101
00101101
00101101
00101101
00101101
00101101
00101101
00101101
00101101
00101101
00101101
00101101
00101101
00101101
00101101
00101101
00101101 #reset register 3
00101001 #reset register 2
01001001
01001001
01001001
01001001
01001001
01001001
01001001
01001001
01001001
01001001
01001001
01001001
01001001
01001001
01001001
01001001
01001001
01001001
01001001
01001001
01001001
01001001
01001001
01001001
01001001
01001001
01001001
01001001
01001001
01001001
01001001
01001001 #create number 32
01001101
01001101
01001101
01001101
01001101
01001101
01001101
01001101
01001101
01001101
01001101
01001101
01001101
01001101
01001101
01001101
01001101
01001101
01001101
01001101
01001101
01001101
01001101
01001101
00011011 #put the number 32 in memory location 24
00101001
00101001
00101001
00101001
00101001
00101001
00101001
00101001
00101001
00101001
00101001
00101001
00101001
00101001
00101001
00101001
00101001
00101001
00101001
00101001
00101001
00101001
00101001
00101001
00101001
00101001
00101001
00101001
00101001
00101001
00101001
00101001 #reset register 2
00101101
00101101
00101101
00101101
00101101
00101101
00101101
00101101
00101101
00101101
00101101
00101101
00101101
00101101
00101101
00101101
00101101
00101101
00101101
00101101
00101101
00101101
00101101
00101101 #reset register 3
01001101 #add to register 3
00000011 #load memory location 1 in r0
01000011 #add contents of r0 and r3 increment by 1
00010011 #store r0 back into memory location 1
00100010 #put r0 back minus 1 to stay with current iteration
00101101 #reset register 3
01001101
01001101
01001101
01001101
01001101
01001101
01001101
01001101
01001101
01001101
01001101
01001101
01001101
01001101
01001101
01001101
01001101
01001101
01001101
01001101
01001101
01001101
01001101
01001101
01001101 #go to memory location 25
00001111 #set register 3 to 1 in mem25
01001001
01001001
01001001
01001001
01001001
01001001
01001001
01001001
01001001
01001001
01001001
01001001
01001001
01001001
01001001
01001001
01001001
01001001
01001001
01001001
01001001
01001001
01001001
01001001
01001001
00001010 #set register 2 to 1 in mem25
loop:
00000000 #load in current memory location value
01101100 #register 3 and register 0 which is memory location current
01010000 #set register 0 back to 0
00000000 #load in current memory location 0
01101000 #register 2 and register 0 which is in memory location 0
00111110 #if both numbers are equal set register 0 to 0
01010110 #set register 1 to 2
00001101 #reset r3
00001001 #reset r2
01010100 #reset register 1
01111011 #jump forward 8 spaces if branch says they are equal which is good
01010000 #reset register 0
01001101
01001101
01001101
01001101
01001101
01001101
01001101
01001101
01001101
01001101
01001101
01001101
01001101
01001101
01001101
01001101
01001101
01001101
01001101
01001101
01001101
01001101
01001101
01001101
01001101
01001101 #go to memory location 26
00001011 #load in memory 26 number
00101001 #sub 1
00011011 #store it back
00101101
00101101
00101101
00101101
00101101
00101101
00101101
00101101
00101101
00101101
00101101
00101101
00101101
00101101
00101101
00101101
00101101
00101101
00101101
00101101
00101101
00101101
00101101
00101101
00101101
00101101 #reset r3 back to 0
01001101
01001101
01001101
01001101
01001101
01001101
01001101
01001101
01001101
01001101
01001101
01001101
01001101
01001101
01001101
01001101
01001101
01001101
01001101
01001101
01001101
01001101
01001101
01001101
01001101
01001101 #go to memory location 26
00001011 #load in memory 26 number
01001001 #add 1
00011011 #store it back
00101101
00101101
00101101
00101101
00101101
00101101
00101101
00101101
00101101
00101101
00101101
00101101
00101101
00101101
00101101
00101101
00101101
00101101
00101101
00101101
00101101
00101101
00101101
00101101
00101101
00101101 #reset r3 back to 0
01001101
01001101
01001101
01001101
01001101
01001101
01001101
01001101
01001101
01001101
01001101
01001101
01001101
01001101
01001101
01001101
01001101
01001101
01001101
01001101
01001101
01001101
01001101
01001101
01001101 #go to memory location 25
00000011 #set register 3 to register 0 in mem25
01000000 #double it
00010011 #store it back
00101101
00101101
00101101
00101101
00101101
00101101
00101101
00101101
00101101
00101101
00101101
00101101
00101101
00101101
00101101
00101101
00101101
00101101
00101101
00101101
00101101
00101101
00101101
00101101
00101101 #reset r3 back to 0
01001101
01001101
01001101
01001101
01001101
01001101
01001101
01001101
01001101
01001101
01001101
01001101
01001101
01001101
01001101
01001101
01001101
01001101
01001101
01001101
01001101
01001101
01001101
01001101
00001011 #load the number 32 in memory location 24
00101001 #subtract 1 from it
01010000 #reset register 0
01000010 #put register 2 into register 0
01111011 #jump 8 spaces (placeholder)
00011011 #store register 2 inside of memory location 24 after decrement
01010000 #reset register 0
00101101
00101101
00101101
00101101
00101101
00101101
00101101
00101101
00101101
00101101
00101101
00101101
00101101
00101101
00101101
00101101
00101101
00101101
00101101
00101101
00101101
00101101
00101101
00101101 #reset register 3
#####################01110111 #jump back to beginning of loop
